// Définition des matériaux
materiau 0.1 0.0 0.0  0.4 0.2 0.2  0.4 0.2 0.2  60.0
materiau 0.2 0.2 0.2  0.8 0.2 0.0  0.8 0.2 0.0  80.0
materiau 0.1 0.1 0.02  0.5 0.5 0.1  0.5 0.5 0.1  60.0
materiau 0.0 0.2 0.0  0.0 1.0 0.0  0.0 1.0 0.0  60.0
materiau 0.1 0.1 0.5  0.4 0.4 0.8  0.4 0.4 0.8  100.0
materiau 0.4 0.4 0.4  0.7 0.7 0.7  0.9 0.9 0.9  90.0

// Sphères
sphere 0 0 -3.5 1
sphere -2 1 -5 1.5
sphere -0.5 0 -1.5 0.25
sphere 2 0 -2 0.75
sphere 3 1 -4 0.5

// Polygone (plan au sol)
polygone 4 10 -1 0.0  10 -1 -5  -10 -1 -5  -10 -1 0.0

// Boîte
polygone 4  0.75 0.5 -1  0.75 0.5 -1.5  1.0 0.5 -1.5  1.0 0.5 -1.0  
polygone 4  0.75 0.75 -1  1.0 0.75 -1  1.0 0.75 -1.5  0.75 0.75 -1.5    
polygone 4  0.75 0.5 -1  0.75 0.75 -1.0  0.75 0.75 -1.5  0.75 0.5 -1.5
polygone 4  1.0 0.5 -1  1.0 0.5 -1.5  1.0 0.75 -1.5  1.0 0.75 -1
polygone 4  0.75 0.5 -1  1.0 0.5 -1  1.0 0.75 -1  0.75 0.75 -1
polygone 4  0.75 0.75 -1.5  0.75 0.75 -1.5  1.0 0.75 -1.5  1.0 0.5 -1.5

// Pyramides
polygone 4 1 0 -3  1.5 0 -3  1.25 1 -3 1.5 0 -3.5
polygone 4 1 0 -3  1 0 -3.5  1.25 1 -3  1.5 0 -3.5

// Cylindres
polygone 8 2 0 -1  2.1 0 -1.1  2.2 0 -1  2.1 0 -0.9  2 0 -0.8  1.9 0 -0.9  1.8 0 -1  1.9 0 -1.1
polygone 8 2 1 -1  2.1 1 -1.1  2.2 1 -1  2.1 1 -0.9  2 1 -0.8  1.9 1 -0.9  1.8 1 -1  1.9 1 -1.1

// Lumières
source 0.25 3.0 -3.0  1.0 1.0 1.0
source -1.0 4.0 -2.0  0.8 0.8 0.8
source 2.0 2.0 -3.0  0.5 0.5 0.5
